100
1 tpmzc 7413 67 15 86
2 immlr 3903 96 33 91
3 zfnkx 179 16 80 100
4 vklvw 4308 12 31 13
5 smjkd 1687 20 62 26
6 ayfgd 8429 19 7 65
7 gbeir 333 86 56 75
8 ecdxo 786 93 51 60
9 noupn 6074 100 55 37
10 dfoyf 9779 74 36 12
11 kwona 1430 15 21 14
12 cnzgh 2005 51 92 58
13 dsrvq 4970 56 33 8
14 umisp 8094 95 80 41
15 qsvnk 8484 32 13 77
16 muxbv 8796 37 3 47
17 veexh 8335 21 41 7
18 hzaym 9596 17 59 56
19 ajrqy 5351 49 81 89
20 bdoaf 5175 16 71 28
21 zxomm 9118 74 4 71
22 wnfot 3075 72 94 62
23 gxtxi 7662 58 54 3
24 rltjg 66 58 62 81
25 xrqlv 6424 32 56 82
26 fmwge 5694 40 47 14
27 lmfdk 2544 30 10 1
28 egeqp 3084 52 13 27
29 nvwgw 1277 38 82 98
30 lvfls 9649 83 3 7
31 rowhl 7476 34 27 43
32 gwtpu 7477 12 96 37
33 bbdrv 8222 91 45 92
34 wdwcj 9522 81 74 97
35 pzbrs 5654 41 58 99
36 yuvwc 4057 84 93 30
37 dttvl 993 2 42 86
38 ngjbw 3592 63 88 67
39 ztepv 8797 26 16 10
40 jxblv 9446 23 34 15
41 mbaul 1942 1 48 71
42 aocgj 4323 49 64 20
43 eoobz 6411 83 70 86
44 kfoyy 7982 85 79 56
45 rszzv 7060 30 57 16
46 nstrb 9584 12 68 89
47 suokr 205 73 86 94
48 krsxt 8508 35 83 43
49 cvreh 5319 2 21 43
50 neted 1428 28 5 98
51 krbtj 2710 96 94 74
52 hlzla 7206 22 76 61
53 vorie 2805 56 51 65
54 wivtc 942 94 84 47
55 rrupj 465 5 36 75
56 xaszv 7618 6 72 36
57 pdkmd 3241 96 68 72
58 iizdi 150 68 67 98
59 ibelu 9415 51 54 6
60 zcrat 6563 23 53 19
61 nrmwd 3964 32 6 13
62 aavra 9287 96 34 92
63 qqjiq 812 4 23 74
64 moyro 512 19 98 36
65 eodly 1496 78 47 21
66 znekm 958 90 91 88
67 xwbrz 2165 16 30 27
68 auwnb 7512 34 30 52
69 btogl 5980 68 50 31
70 ccvth 2301 60 28 66
71 wgiqd 579 65 70 79
72 aagem 9658 58 49 91
73 skfag 4281 39 84 98
74 nbalq 8260 80 97 31
75 fqzes 221 45 42 50
76 pyhzi 4907 68 31 27
77 acpbd 7732 99 52 88
78 miyau 1648 68 15 83
79 uchrr 4129 89 88 39
80 gyjpl 103 58 35 15
81 fxvit 6312 88 28 0
82 hzepo 6515 32 0 89
83 qfqhi 4587 12 75 52
84 aigze 941 8 92 43
85 xptju 1294 99 88 36
86 fyecv 5317 24 40 3
87 kjfas 2169 33 6 44
88 msfkj 8551 34 64 97
89 bhwkt 5777 26 58 39
90 mizuj 3572 70 72 53
91 meynn 9162 53 43 44
92 jgpsn 4323 14 22 95
93 ckfjb 5581 61 99 55
94 lxekb 881 3 68 9
95 etjjh 5764 46 48 36
96 ecyow 1844 43 73 39
97 adgwf 8112 57 0 55
98 rkymr 7452 15 81 94
99 ctpie 8902 13 81 94
100 xcmfp 9930 70 40 98